1å^ 0 0.0498753 1 0 513.755 1.68333 402 1 
1å^ 0 0.0564374 1 0 1174.22 2.92553 573 1 
1å^ 0 0.0701754 6 0 3454.78 3.57968 749 1 
1å^ 0 0.0619308 3 0 209.35 2.42317 561 1 
1å^ 0 0.0492611 1 0 183.303 3.29287 610 1 
1å^ 0 0.0531309 6 0 3983.38 6.49853 1197 1 
1å^ 0 0.0482955 3 0 446.772 5.10124 1103 1 
1å^ 0 0.041225 1 0 1081.72 3.18125 857 1 
1å^ 0 0.0527497 4 0 1673.3 4.69029 901 1 
1å^ 0 0.0583153 8 0 729.781 6.64567 1404 1 
1å^ 0 0.0723227 1 0 711.337 2.99522 726 1 
1å^ 0 0.0457746 0 0 491.546 1.14889 289 1 
1å^ 0 0.0413115 12 0.333333 2223.42 7.36575 1547 1 
1å^ 0 0.0578035 2 0 1219.29 3.51958 957 1 
1å^ 0 0.0659341 6 0 1038.92 4.99616 1292 2 
1å^ 0 0.0463918 4 0 253.107 3.01099 645 1 
1å^ 0 0.0512077 2 0.5 262.483 4.08907 1053 1 
1å^ 0 0.0470085 2 0 676.729 2.02142 473 1 
1å^ 0 0.0409253 1 0 741.353 2.49363 566 1 
1å^ 0 0.0473251 4 0.25 501.951 2.13217 490 1 
1å^ 0 0.0444015 1 0 1415.79 4.62949 1044 1 
1å^ 0 0.0666667 1 0 894.201 2.02209 505 1 
1å^ 0 0.0671463 0 0 665.42 2.43032 421 1 
1å^ 0 0.0493827 0 0 537.617 1.40768 327 1 
1å^ 0 0.047619 0 0 604.153 3.27672 634 1 
2å^ 0 0.0481328 0 0 662.311 5.93109 1216 2 
2å^ 1 0.0643678 7 0.714286 286.708 10.419 2272 4 
2å^ 1 0.0426357 8 0.125 316.096 6.30762 1399 1 
2å^ 0 0.0649351 2 0 1597.15 3.73278 964 1 
2å^ 0 0.0717005 4 0.25 281.088 7.64187 1624 2 
2å^ 0 0.0483986 0 0 379.472 6.58535 1439 4 
2å^ 0 0.0350877 4 0.5 900.67 6.57476 1250 2 
2å^ 0 0.0524161 7 0 368.844 5.89941 1248 1 
2å^ 0 0.0840951 6 0.166667 1391.82 4.87669 1127 1 
2å^ 0 0.0493617 3 0.333333 211.199 5.97902 1185 2 
2å^ 0 0.0557533 2 0 1933.47 4.43882 847 1 
2å^ 0 0.0464933 10 0.4 108.684 5.16772 1298 1 
2å^ 0 0.0493827 14 0.5 983.786 8.1166 2095 2 
2å^ 0 0.0723428 3 1 462.522 13.6407 2335 1 
2å^ 0 0.0686654 2 0 2285.09 4.07325 1044 1 
2å^ 0 0.0615866 3 0.333333 587.626 8.16931 1554 1 
2å^ 0 0.0640599 0 0 1159.69 6.70505 1228 4 
2å^ 0 0.0629327 3 0.333333 345.866 8.05045 1634 1 
3å^ 0 0.0453972 0 0 209.595 3.23772 798 2 
3å^ 0 0.0602134 1 0 183.622 5.34237 2637 3 
3å^ 0 0.0581516 1 0 26.6559 4.86099 2024 5 
3å^ 0 0.0570667 3 0 320.188 4.61171 1900 5 
3å^ 0 0.0482931 4 0.75 220.314 6.03469 1213 4 
3å^ 0 0.059867 2 1 960.794 6.48349 1816 5 
3å^ 0 0.0697556 5 0 609.291 7.1983 2376 2 
3å^ 0 0.0574163 0 0 30.3259 4.23715 1589 5 
3å^ 1 0.0693241 6 0.166667 1206.88 6.89003 1948 3 
3å^ 0 0.0607419 4 0.25 36.2372 6.47903 2462 9 
3å^ 0 0.0599303 1 0 386.86 5.53339 1452 5 
3å^ 0 0.0516432 4 0.5 372.2 6.32346 1293 3 
3å^ 1 0.0616016 1 1 8.72184 4.77834 1468 11 
3å^ 1 0.0701565 3 0.333333 4.29436 4.64597 1862 14 
3å^ 0 0.0642202 0 0 3.3111 4.03794 1200 11 
3å^ 1 0.0663404 5 0 446.264 5.41353 1944 6 
3å^ 2 0.0759607 7 0.857143 74.7517 6.27651 1173 4 
3å^ 3 0.0666871 9 0.555556 30.0782 6.58351 3381 6 
3å^ 8 0.0747276 6 0.666667 65.3201 5.51833 1936 15 
3å^ 0 0.0605381 0 0 15.9668 3.60349 910 7 
3å^ 1 0.0652963 3 0.666667 398.032 6.23976 1737 4 
3å^ 2 0.0716753 3 0.333333 493.143 6.70537 1180 7 
3å^ 0 0.0409786 3 0 325.221 5.68246 1654 4 
3å^ 3 0.0730932 4 0 1368.67 6.80064 1926 11 
3å^ 0 0.0528559 0 0 360.875 5.20246 1179 3 
3å^ 0 0.0627041 1 1 33.0182 5.6841 1556 6 
3å^ 0 0.064632 4 0 76.5903 4.39781 1797 4 
3å^ 0 0.0474517 2 0 371.557 4.67976 1148 2 
3å^ 0 0.0599455 2 0 735.03 6.42893 1488 3 
3å^ 0 0.0479317 3 0.333333 129.034 5.36515 1539 4 
3å^ 0 0.0483871 0 0 500.951 5.1418 1310 2 
3å^ 0 0.0378788 0 0 8.98182 3.6624 800 2 
3å^ 0 0.0605391 5 0 103.615 5.55701 2287 7 
3å^ 0 0.0526634 6 0 584.906 5.6267 1652 3 
3å^ 0 0.0401267 0 0 38.2153 3.50347 953 2 
3å^ 0 0.050462 0 0 653.749 3.65793 1418 3 
4cå^ 0 0.0558171 3 1 5.27057 6.45201 1489 11 
4cå^ 0 0.0556598 6 0.833333 183.449 7.56099 1794 6 
4cå^ 0 0.059501 10 0.9 137.481 9.76092 2636 12 
4cå^ 11 0.0877905 11 0.363636 1627.92 6.88847 2882 13 
4cå^ 2 0.0597659 5 1 12.1274 7.51882 1636 8 
4cå^ 1 0.0608868 6 1 39.1173 7.61321 1517 12 
4cå^ 11 0.0751309 30 0.366667 2701.19 11.7442 4053 15 
4cå^ 4 0.062855 14 0.857143 144.167 9.90118 2684 7 
4cå^ 0 0.065568 6 1 144.57 9.31774 2873 16 
4cå^ 0 0.0657179 13 0.769231 41.6464 10.4271 2397 13 
4cå^ 0 0.0441091 14 0.571429 351.976 6.56967 1775 1 
4cå^ 0 0.0528967 1 1 6.68219 6.50929 400 3 
4cå^ 0 0.0494774 3 0 639.394 4.98331 1486 4 
4cå^ 0 0.0596026 2 0.5 34.0749 5.83855 1731 2 
4cå^ 1 0.0898693 5 0.4 79.1369 7.30423 1269 5 
4cå^ 0 0.0683263 12 0.166667 1169.79 8.6359 2082 1 
4cå^ 2 0.0796117 12 0.25 4141.7 8.41415 2221 6 
4cå^ 0 0.0494506 7 0.571429 33.4807 8.92541 1498 4 
4cå^ 0 0.0410079 9 0.777778 7.8278 9.1292 2033 9 
4cå^ 3 0.0505962 4 0.5 347.571 8.21497 3151 3 
4cå^ 1 0.072651 8 0.125 84.688 7.61858 3207 10 
4cå^ 0 0.0333494 14 0.714286 168.004 10.1908 2247 3 
4cå^ 0 0.0521141 4 0.75 0 7.01172 1024 3 
4cå^ 0 0.0383653 3 1 44.0304 6.77049 1225 4 
4cå^ 0 0.0466954 11 0.727273 4.51057 11.5701 1693 3 
4då^ 13 0.0827633 7 0.571429 759.497 5.17754 1480 14 
4då^ 18 0.120463 5 1 0 5 1292 32 
4då^ 32 0.090792 1 1 399.615 7.80723 1567 25 
4då^ 12 0.0849057 6 0 1076.24 5.3079 2815 9 
4då^ 25 0.100908 8 0.875 20.45 5.65386 1905 30 
4då^ 6 0.0891041 6 0.833333 854.997 5.11461 2080 25 
4då^ 2 0.0872765 4 0.5 4635 5.0358 1034 3 
4då^ 2 0.0880435 7 0.285714 3347.93 4.54313 951 4 
4då^ 1 0.0988701 1 1 0 4.85222 705 9 
4då^ 13 0.0941086 1 1 12.8424 7.1156 1329 21 
4då^ 7 0.0705882 3 0.333333 99.458 6.71556 938 9 
4då^ 1 0.09 1 1 14.7127 4.24094 502 6 
4då^ 39 0.0964654 3 1 294.412 4.95074 1389 10 
4då^ 29 0.0943068 10 0.7 162.695 6.41781 2388 19 
4då^ 29 0.119683 3 0.666667 35.2123 4.61547 1394 34 
4då^ 25 0.101744 6 1 134.752 5.11267 1412 31 
4då^ 20 0.0810811 9 0.666667 17.4657 7.55553 2063 22 
